6.17064177887e-13
5.64039353595e-08
6.60920424548e-11
4.92811587329e-12
7.40180256667e-15
8.91417647068e-10
2.04785755905e-11
5.23818084446e-09
5.09606384948e-14
1.09901485815e-14
2.02232131894e-11
1.11432703228e-10
1.50809087886e-14
1.38946362105e-13
1.55065528937e-09
2.15825284383e-06
1.67139986025e-12
7.34115475693e-08
3.98961251011e-11
7.69344078405e-07
9.83922343893e-18
4.04321934843e-16
5.63672088681e-15
1.80114839618e-13
3.85457190515e-07
9.13481197075e-08
2.23993128903e-09
4.94102606653e-12
1.78193394303e-14
2.33254938263e-13
9.95836699641e-21
3.29630075417e-17
1.55824785826e-09
2.23993128903e-09
1.37292191378e-13
4.89388265614e-14
1.66995813815e-14
6.39018101575e-23
4.5278316739e-09
3.47585350978e-11
1.04707980899e-12
4.48515976556e-15
4.61756718341e-16
1.6229522129e-14
1.32844048313e-09
2.39868368125e-16
1.49898365471e-07
7.04099645527e-12
3.63740353273e-13
4.7167277735e-15
5.84943159344e-21
4.30817990943e-11
2.09958568168e-11
2.93342648782e-16
4.94247756067e-09
9.84681655183e-23
1.79084800846e-14
2.53256938337e-20
9.07583810954e-09
1.5290650036e-15
7.06065328529e-16
2.82060583785e-15
1.21792106487e-06
6.15380161769e-13
4.67857787025e-08
1.38023592564e-16
1.63100796844e-23
5.53926925888e-07
6.09577198481e-11
3.25739352099e-10
9.59485499294e-11
1.27664653351e-14
7.25336501912e-17
1.21810184141e-13
7.54641767828e-14
8.29647540825e-09
1.03441524407e-08
4.5278316739e-09
1.19816177971e-20
2.13736385308e-10
2.32236063529e-10
7.83490109832e-19
4.73352630394e-16
2.44602185872e-13
2.32249832285e-13
6.80716312711e-15
2.43490102722e-11
8.05518002043e-08
1.88089264075e-15
1.23099796808e-13
1.27364819982e-15
1.55304436506e-16
4.91042702695e-12
3.15488796878e-08
2.20030691465e-18
1.13147033356e-06
1.16727252985e-18
4.5278316739e-09
3.61588508827e-06
8.1433107298e-12
1.44585758492e-11
1.04502671459e-18
3.43918703333e-11
1.08101703765e-15
1.55049151268e-13
3.16093108023e-13
2.48208738376e-14
5.14165249762e-26
5.92618916313e-18
2.70809246921e-19
1.29174477058e-16
7.23785685922e-07
1.46648871176e-24
1.95806230666e-08
3.10906992772e-14
4.5278316739e-09
3.07655822387e-12
1.06709127657e-15
3.55422469528e-18
7.0059934185e-26
1.77070361873e-13
5.43430961161e-23
7.72983666913e-10
1.81121319208e-11
1.53493657923e-16
2.40178939654e-08
3.84808380997e-10
1.95806230666e-08
5.57981150667e-15
1.85959266831e-13
2.15825284383e-06
6.14420786927e-19
1.92102870749e-13
5.18611425339e-09
1.43412242222e-07
1.95806230666e-08
6.69173467516e-08
1.94639713701e-10
9.89842677581e-15
1.18124970689e-08
1.35523658939e-10
4.9618479313e-11
7.95888437977e-10
3.85321269037e-13
1.21792106487e-06
3.55760833864e-11
1.69695360207e-08
1.49898365471e-07
1.19347328665e-09
1.95806230666e-08
1.95806230666e-08
2.13737605769e-08
7.97195667665e-10
6.32811375034e-13
2.12559269984e-07
1.60458857625e-10
1.05337287821e-13
1.19712076579e-09
4.60945652808e-11
1.98968805905e-06
8.4214195396e-09
8.06912682602e-07
2.99102980059e-15
1.56646480838e-16
1.99268178009e-14
1.23109933763e-10
1.23109933763e-10
9.71563479902e-08
1.9976622351e-10
1.5528499533e-13
1.54029268074e-18
4.59451350816e-09
6.47307176388e-16
7.67180559023e-11
1.38135276642e-11
2.73192637846e-12
4.65947751398e-13
9.784104006e-11
7.7814773505e-09
1.85880390385e-11
2.57984750909e-05
7.7814773505e-09
5.00846988383e-08
4.11582540481e-14
7.28650092355e-12
8.32313569202e-13
2.52462532074e-09
3.09634614861e-07
1.07135691063e-10
7.72983666913e-10
3.04051848318e-10
8.73342659931e-07
9.24742576171e-08
9.94411426759e-11
9.966455773e-11
1.12279847404e-06
4.71599290139e-12
3.77677322473e-06
6.30766002322e-15
5.67261311481e-11
8.83620598566e-12
1.44029524126e-08
5.14163682498e-09
8.61741342165e-11
1.37955600976e-16
8.73342659931e-07
1.74800912627e-13
1.04904131006e-15
8.36138818267e-07
2.39383916057e-13
3.41438834625e-07
1.35038172735e-21
1.63241594002e-06
1.44029524126e-08
6.31424867944e-11
5.53926925888e-07
6.06878788075e-09
8.72879893015e-14
1.51642780854e-09
1.16603871486e-09
3.84808380997e-10
5.17699760526e-13
1.24453124574e-09
4.59950335689e-12
8.68731184175e-18
1.09163749589e-11
4.84647866403e-06
3.45074665711e-08
1.06216319324e-09
9.94411426759e-11
6.20442417571e-10
1.10595867062e-15
2.12559269984e-07
8.93766828955e-11
7.09192721384e-15
7.99233062109e-07
1.23378444244e-09
1.17056722336e-06
3.2341174963e-07
1.12279847404e-06
1.9976622351e-10
4.06978448723e-08
1.88572613126e-18
3.7567479967e-11
2.17347756899e-16
5.50337338773e-17
1.6544618001e-12
2.67499902838e-12
3.2341174963e-07
5.41600611549e-16
5.07109138725e-12
4.84647866403e-06
3.22522660333e-07
1.9195423644e-14
2.92154017919e-19
6.30209947428e-11
8.36138818267e-07
8.06896170555e-12
2.3798733964e-19
7.23785685922e-07
7.34115475693e-08
1.42047346592e-07
1.17056722336e-06
4.35835220868e-15
1.37704895934e-08
3.48346526711e-07
4.84647866403e-06
3.5501953688e-08
4.48827338261e-12
3.77677322473e-06
2.09428215003e-12
6.11519343982e-12
2.15825284383e-06
3.77677322473e-06
2.57984750909e-05
8.36138818267e-07
6.94965612632e-14
3.09634614861e-07
5.4320962135e-12
1.27612148543e-10
1.83027279983e-09
1.44029524126e-08
4.50754774699e-12
2.92056655161e-06
2.35400481442e-12
1.98968805905e-06
6.77200005183e-13
1.2815829713e-09
4.59451350816e-09
1.82416814733e-09
1.48802535593e-11
3.87409085216e-15
5.40346735304e-07
1.95806230666e-08
4.84647866403e-06
2.02826087803e-08
1.07135691063e-10
9.98306306352e-10
1.08260460991e-10
1.24529604558e-20
4.70469431805e-10
8.84063589722e-13
4.6114004936e-10
7.23785685922e-07
6.81841173815e-13
1.44029524126e-08
2.42168452922e-15
8.36138818267e-07
5.02590027517e-08
2.75281393247e-13
2.85625618532e-18
6.19815019019e-13
1.07135691063e-10
8.36138818267e-07
3.2341174963e-07
5.14163682498e-09
9.39527979693e-12
2.32920637932e-10
8.36138818267e-07
3.7567479967e-11
3.41438834625e-07
1.149149379e-17
4.71599290139e-12
2.21038148466e-17
3.41438834625e-07
1.98968805905e-06
4.11310109739e-12
5.19282553316e-14
2.13737605769e-08
1.95806230666e-08
1.30051717292e-13
1.07135691063e-10
1.07965981083e-07
1.63906884956e-16
1.98968805905e-06
1.63241594002e-06
1.3172026663e-12
9.60762202242e-13
2.02826087803e-08
1.21792106487e-06
3.77677322473e-06
5.28562369051e-08
7.56259160788e-19
2.28681073484e-14
4.5278316739e-09
1.01794243222e-08
5.01885119009e-11
1.12070180439e-06
2.61969394014e-06
4.48439375856e-11
7.12865545363e-09
5.46988814301e-10
3.61588508827e-06
5.48077863963e-09
7.53584690972e-16
4.12832207956e-10
2.33737178739e-09
1.17056722336e-06
3.2341174963e-07
1.41297407151e-08
3.09127227912e-18
3.77677322473e-06
1.37893958035e-08
4.20795972716e-10
6.29068034319e-09
5.01357414188e-20
2.7558232937e-09
3.09634614861e-07
5.67786957457e-07
9.08407425254e-14
1.07588362636e-11
2.42745129582e-10
1.3378402605e-09
2.28959334445e-20
4.04961301407e-13
1.9207756938e-08
9.94411426759e-11
2.28855698532e-10
8.77231407029e-14
1.92530218957e-12
7.63345263153e-13
9.94411426759e-11
1.67204977422e-11
1.17056722336e-06
7.72873422586e-12
3.09634614861e-07
3.77677322473e-06
3.77677322473e-06
7.24805625678e-12
3.11953239845e-12
3.45265827589e-16
7.06179196032e-17
1.48832042997e-09
1.20320380691e-08
3.09819120011e-09
2.3856143652e-10
4.08837589973e-11
9.94411426759e-11
3.32068009502e-10
5.23818084446e-09
3.41438834625e-07
6.75220037896e-08
4.50701537932e-12
6.11710031634e-08
3.77677322473e-06
3.99537688726e-09
7.99233062109e-07
5.46968142746e-14
2.61576335629e-16
3.13294332667e-08
1.64489836251e-09
3.09130014468e-17
1.62823104934e-11
3.77677322473e-06
3.09819120011e-09
1.15234968991e-11
2.15825284383e-06
3.40138635018e-10
6.29068034319e-09
2.45217028043e-11
4.11589369586e-12
3.13294332667e-08
6.46542146384e-09
8.28611468099e-14
4.04539587516e-11
0.0
3.650629178e-06
3.41438834625e-07
2.40997952574e-09
4.55497519065e-10
1.98968805905e-06
2.63598156647e-13
3.77677322473e-06
4.36037008059e-24
2.18595027707e-11
1.17590522324e-07
3.05611342619e-13
1.56261033299e-11
1.87895454912e-10
6.96649736357e-12
2.8386512698e-20
5.91830373555e-09
1.23378444244e-09
2.23165138139e-12
6.06906228171e-12
6.60028416609e-08
3.28166210546e-12
3.77677322473e-06
1.98968805905e-06
5.72150143255e-20
9.83428436956e-19
1.5332546584e-06
3.53119514397e-07
2.92056655161e-06
3.13593206381e-09
4.2312868186e-11
3.16802505091e-10
7.503428727e-25
4.94606672593e-18
9.08156178147e-23
9.08156178147e-23
1.98968805905e-06
7.61947230469e-14
1.07135691063e-10
1.54098064653e-21
6.12188032253e-16
6.37257760105e-10
6.45049725962e-13
8.32190048882e-21
7.34115475693e-08
2.15825284383e-06
7.23785685922e-07
6.96524071491e-15
6.46542146384e-09
6.39900492053e-16
6.34883496634e-18
4.58946278039e-16
6.55326651982e-13
8.36138818267e-07
9.45240301952e-10
5.76709725843e-24
6.06906228171e-12
1.05436919479e-09
3.02140156772e-17
9.94411426759e-11
3.71309919195e-11
1.94486120936e-08
3.77549254686e-11
4.07705934517e-07
1.18807476012e-07
7.13453412768e-07
8.36138818267e-07
1.26361866005e-20
1.20741566881e-16
1.96889694665e-17
1.70732719875e-11
2.15825284383e-06
5.86291207482e-17
8.86296358588e-12
37.1207110882
